NAME	= Converted Grid
DESCRIPTION	= 
UNIT	= 
DATAFORMAT	= INTEGER
DATAFILE_OFFSET	= 0
BYTEORDER_BIG	= FALSE
TOPTOBOTTOM	= FALSE
POSITION_XMIN	= 201630.0000000000
POSITION_YMIN	= 153890.0000000000
CELLCOUNT_X	= 294
CELLCOUNT_Y	= 509
CELLSIZE	= 20.0000000000
Z_FACTOR	= 1.000000
Z_OFFSET	= 0.000000
NODATA_VALUE	= -2147483647.000000;-2147483647.000000
